0.00511598587036
0.00702595710754
0.00248098373413
0.00291395187378
0.00635290145874
0.00379705429077
0.00841093063354
0.00559592247009
0.00761818885803
0.00379681587219
0.00354099273682
0.00459790229797
0.00541710853577
0.00557899475098
0.00481915473938
0.00456190109253
0.00437903404236
0.0052478313446
0.00526309013367
0.00817203521729
0.00674986839294
0.00288701057434
0.00329184532166
0.0062620639801
0.00359797477722
0.00353503227234
0.00566792488098
0.00417995452881
0.00376296043396
0.00595188140869
0.00208210945129
0.0062301158905
0.00593304634094
0.0034008026123
0.00334191322327
0.00445890426636
0.00415205955505
0.00466299057007
0.00317311286926
0.00638008117676
0.00483083724976
0.00245881080627
0.00413393974304
0.0017101764679
0.00406408309937
0.00505018234253
0.00318694114685
0.00353407859802
0.00542306900024
0.00446581840515
0.00513601303101
0.00413298606873
0.00255298614502
0.00429201126099
0.0021870136261
0.00362801551819
0.00274705886841
0.00285601615906
0.00584483146667
0.00397706031799
0.00484895706177
0.00260496139526
0.00592803955078
0.00553107261658
0.00632309913635
0.00575399398804
0.0057270526886
0.00663089752197
0.00501990318298
0.00332403182983
0.00232315063477
0.00452089309692
0.00399613380432
0.0032160282135
0.00666499137878
0.00791001319885
0.00322794914246
0.00424098968506
0.00533509254456
0.00335812568665
0.00462102890015
0.00365090370178
0.00204086303711
0.00510716438293
0.00385284423828
0.00244808197021
0.002357006073
0.00475406646729
0.00453495979309
0.00419497489929
0.00575089454651
0.00349497795105
0.00336885452271
0.0024631023407
0.00686597824097
0.00386810302734
0.00272011756897
0.0060408115387
0.00438213348389
0.00352001190186
0.00440979003906
0.00495505332947
0.00432181358337
0.00273990631104
0.0041971206665
0.00478219985962
0.00312304496765
0.00465703010559
0.0042622089386
0.00333499908447
0.00188803672791
0.00435304641724
0.00647687911987
0.00579810142517
0.00633692741394
0.00637793540955
0.00394511222839
0.00573587417603
0.00234603881836
0.00434398651123
0.00307703018188
0.00306391716003
0.00383615493774
0.00454497337341
0.0073299407959
0.00306510925293
0.00733613967896
0.00248098373413
0.00556993484497
0.00648403167725
0.00357985496521
0.00197505950928
0.0059380531311
0.00500798225403
0.00262379646301
0.00216507911682
0.00825691223145
0.00360202789307
0.00387191772461
0.00387001037598
0.00451707839966
0.00476813316345
0.00205707550049
0.00172996520996
0.00521492958069
0.00386500358582
0.00230598449707
0.00628995895386
0.0043249130249
0.00652980804443
0.00617504119873
0.00257205963135
0.0035240650177
0.00376796722412
0.0056688785553
0.00505995750427
0.00182604789734
0.0050528049469
0.0102829933167
0.00398111343384
0.00552415847778
0.00147986412048
0.00176501274109
0.0019690990448
0.00323390960693
0.00336289405823
0.0026159286499
0.00439095497131
0.00394701957703
0.00567102432251
0.00405502319336
0.00455403327942
0.006511926651
0.00211501121521
0.00658822059631
0.00323605537415
0.00469613075256
0.00199890136719
0.00283718109131
0.00282382965088
0.00317907333374
0.00594687461853
0.00320720672607
0.00181603431702
0.00308799743652
0.0014820098877
0.0039119720459
0.00614786148071
0.0070469379425
0.00782513618469
0.00228190422058
0.00651216506958
0.00605607032776
0.00130987167358
0.00344204902649
0.0053448677063
0.00314903259277
0.00434994697571
0.00649905204773
0.00561714172363
0.0100710391998
0.00196290016174
0.00923299789429
0.00270581245422
0.00441694259644
0.0011990070343
0.00433015823364
0.00441384315491
0.00578689575195
0.0055239200592
0.00264096260071
0.0020899772644
0.0042941570282
0.0031270980835
0.00475001335144
0.00512409210205
0.00545883178711
0.00349903106689
0.00383710861206
0.00374507904053
0.00563812255859
0.00712990760803
0.0029821395874
0.00233483314514
0.00536704063416
0.00826406478882
0.00406098365784
0.00405597686768
0.00527906417847
0.00348401069641
0.00443911552429
0.00437808036804
0.00613808631897
0.00708889961243
0.00365996360779
0.00327515602112
0.00247287750244
0.00606417655945
0.00473380088806
0.00279998779297
0.00403594970703
0.0051748752594
0.00456500053406
0.00591802597046
0.00473284721375
0.00384712219238
0.004065990448
0.0044629573822
0.00470495223999
0.00408887863159
0.00220203399658
0.00678300857544
0.00727295875549
0.00171709060669
0.0025200843811
0.00240898132324
0.00487899780273
0.00591278076172
0.00365519523621
0.00284290313721
0.00522589683533
0.00621104240417
0.00418996810913
0.00588607788086
0.00706601142883
0.00233387947083
0.00386381149292
0.00203108787537
0.00350403785706
0.00582003593445
0.00178003311157
0.00227499008179
0.00388097763062
0.00636792182922
0.0056459903717
0.00453615188599
0.00854182243347
0.00479102134705
0.00413298606873
0.00345587730408
0.00192594528198
0.00378322601318
0.00496506690979
0.00490307807922
0.00433206558228
0.00395321846008
0.00368499755859
0.00735902786255
0.00719809532166
0.00331711769104
0.00745582580566
0.00460696220398
0.0367069244385
0.0025839805603
0.00686407089233
0.00709390640259
0.00179386138916
0.00458097457886
0.00354909896851
0.00324892997742
0.00644493103027
0.00600504875183
0.0063898563385
0.00294208526611
0.00390291213989
0.00376605987549
0.0050790309906
0.00339698791504
0.00579786300659
0.00582003593445
0.00353789329529
0.00525617599487
0.00510096549988
0.00326895713806
0.00184798240662
0.00305390357971
0.00704503059387
0.00442290306091
0.00511288642883
0.00614595413208
0.00410079956055
0.00633907318115
0.00304794311523
0.00659608840942
0.00313091278076
0.00186610221863
0.00603818893433
0.00461101531982
0.00521898269653
0.00285792350769
0.00632810592651
0.00777792930603
0.00318598747253
0.0062141418457
0.00566005706787
0.00563502311707
0.00336194038391
0.00369811058044
0.00507497787476
0.0023078918457
0.00583100318909
0.00188088417053
0.00521612167358
0.00561594963074
0.00301289558411
0.00624489784241
0.00328397750854
0.00524091720581
0.00569987297058
0.00553584098816
0.00415587425232
0.00294589996338
0.00196290016174
0.00864291191101
0.0026478767395
0.0052809715271
0.00306987762451
0.00547218322754
0.00563907623291
0.00566220283508
0.00467300415039
0.00337100028992
0.00629305839539
0.00611305236816
0.00475883483887
0.00539803504944
0.00458097457886
0.00205302238464
0.00357913970947
0.00561189651489
0.00682401657104
0.00327682495117
0.00515913963318
0.00434017181396
0.00302004814148
0.00454211235046
0.00775194168091
0.005854845047
0.00453495979309
0.00998401641846
0.00485897064209
0.00772190093994
0.00638699531555
0.00478219985962
0.00339484214783
0.00487995147705
0.0021231174469
0.00414896011353
0.00409317016602
0.00518798828125
0.00363898277283
0.00150203704834
0.00206780433655
0.00460577011108
0.00559902191162
0.00636792182922
0.00513195991516
0.00321197509766
0.00139594078064
0.00433993339539
0.00399994850159
0.00529098510742
0.00265288352966
0.00623297691345
0.00312399864197
0.0029571056366
0.00384783744812
0.00415921211243
0.00220799446106
0.00493788719177
0.00487494468689
0.00442218780518
0.00168800354004
0.00444293022156
0.00172710418701
0.00306606292725
0.00292491912842
0.00813007354736
0.00244808197021
0.00256299972534
0.00557494163513
0.00385904312134
0.00575399398804
0.00507497787476
0.00405383110046
0.00319218635559
0.00391292572021
0.00310611724854
0.00271892547607
0.00338792800903
0.0059289932251
0.00333285331726
0.00322198867798
0.00393915176392
0.00622200965881
0.00592494010925
0.00328302383423
0.00845003128052
0.00783896446228
0.00820899009705
0.00685000419617
0.00402808189392
0.00371694564819
0.00649809837341
0.00584316253662
0.00354695320129
0.00384712219238
0.0032000541687
0.0052318572998
0.00792002677917
0.00527095794678
0.00712704658508
0.00746893882751
0.0058319568634
0.00357389450073
0.00493001937866
0.00167918205261
0.00625085830688
0.00667095184326
0.0029730796814
0.00330591201782
0.00187706947327
0.00339603424072
0.00610017776489
0.00327897071838
0.00549983978271
0.00305509567261
0.0059061050415
0.00506806373596
0.00667095184326
0.00230121612549
0.00688910484314
0.00369095802307
0.00546407699585
0.00372719764709
0.0052330493927
0.00468397140503
0.00342202186584
0.00488209724426
0.00450682640076
0.00678014755249
0.00473380088806
0.0055079460144
0.00496315956116
0.0041880607605
0.00383400917053
0.00798296928406
0.00269889831543
0.00622606277466
0.0046238899231
0.0078809261322
0.00569605827332
0.00339794158936
0.00235390663147
0.00262498855591
0.00477385520935
0.00530314445496
0.00480604171753
0.00335192680359
0.00448703765869
--------------------------------------------------
